0 SE 432724 432697 27 0 27 332995 27 0 27 99702 0 0 0
25 SE 432724 432641 83 0 83 332939 83 0 83 99702 0 0 0
50 SE 432724 432557 167 0 167 332855 167 0 167 99702 0 0 0
75 SE 432724 432363 361 0 361 332662 360 0 360 99701 1 0 1
100 SE 432724 431990 734 0 734 332320 702 0 702 99670 32 0 32
125 SE 432724 431528 1196 0 1196 331953 1069 0 1069 99575 127 0 127
150 SE 432724 430908 1816 0 1816 331478 1544 0 1544 99430 272 0 272
175 SE 432724 429942 2725 57 2782 330733 2233 56 2289 99209 492 1 493
200 SE 432724 428884 3704 136 3840 329897 3020 105 3125 98987 684 31 715
225 SE 432724 427609 4734 381 5115 328886 3880 256 4136 98723 854 125 979
250 SE 432724 426324 5599 801 6400 327888 4601 533 5134 98436 998 268 1266
275 SE 432724 424789 6604 1331 7935 326690 5488 844 6332 98099 1116 487 1603
300 SE 432724 423021 7738 1965 9703 325347 6410 1265 7675 97674 1328 700 2028
325 SE 432724 420867 8964 2893 11857 323700 7396 1926 9322 97167 1568 967 2535
350 SE 432724 418522 10276 3926 14202 321876 8467 2679 11146 96646 1809 1247 3056
375 SE 432724 415893 11626 5205 16831 319792 9615 3615 13230 96101 2011 1590 3601
400 SE 432724 413339 12772 6613 19385 317669 10743 4610 15353 95670 2029 2003 4032
425 SE 432724 410316 14190 8218 22408 315269 12041 5712 17753 95047 2149 2506 4655
450 SE 432724 407550 15248 9926 25174 313015 13124 6883 20007 94535 2124 3043 5167
475 SE 432724 404750 15902 12072 27974 310714 13814 8494 22308 94036 2088 3578 5666
500 SE 432724 401527 17036 14161 31197 308119 14752 10151 24903 93408 2284 4010 6294
525 SE 432724 398150 17862 16712 34574 305400 15536 12086 27622 92750 2326 4626 6952
550 SE 432724 394468 18875 19381 38256 302465 16321 14236 30557 92003 2554 5145 7699
575 SE 432724 390939 19642 22143 41785 299657 16862 16503 33365 91282 2780 5640 8420
600 SE 432724 386977 20638 25109 45747 296605 17575 18842 36417 90372 3063 6267 9330
625 SE 432724 382979 21719 28026 49745 293503 18412 21107 39519 89476 3307 6919 10226
650 SE 432724 378882 22611 31231 53842 290439 19028 23555 42583 88443 3583 7676 11259
675 SE 432724 374791 23353 34580 57933 287229 19595 26198 45793 87562 3758 8382 12140
700 SE 432724 370518 23751 38455 62206 283839 20024 29159 49183 86679 3727 9296 13023
725 SE 432724 366107 24595 42022 66617 280427 20759 31836 52595 85680 3836 10186 14022
750 SE 432724 361864 24758 46102 70860 277325 20820 34877 55697 84539 3938 11225 15163
775 SE 432724 357120 25652 49952 75604 273879 21300 37843 59143 83241 4352 12109 16461
800 SE 432724 352521 26194 54009 80203 270601 21405 41016 62421 81920 4789 12993 17782
825 SE 432724 347515 27138 58071 85209 267001 21939 44082 66021 80514 5199 13989 19188
850 SE 432724 342040 28055 62629 90684 263036 22493 47493 69986 79004 5562 15136 20698
875 SE 432724 336399 29061 67264 96325 258851 23314 50857 74171 77548 5747 16407 22154
900 SE 432724 330503 30413 71808 102221 254382 24561 54079 78640 76121 5852 17729 23581
925 SE 432724 324640 31583 76501 108084 249888 25765 57369 83134 74752 5818 19132 24950
950 SE 432724 318156 33223 81345 114568 244807 27506 60709 88215 73349 5717 20636 26353
975 SE 432724 311755 34760 86209 120969 239835 29068 64119 93187 71920 5692 22090 27782
1000 SE 432724 304865 36419 91440 127859 234440 30668 67914 98582 70425 5751 23526 29277
1025 SE 432724 297949 37997 96778 134775 228987 32137 71898 104035 68962 5860 24880 30740
1050 SE 432724 290703 39375 102646 142021 223311 33361 76350 109711 67392 6014 26296 32310
1075 SE 432724 283351 40952 108421 149373 217678 34639 80705 115344 65673 6313 27716 34029
1100 SE 432724 275045 43016 114663 157679 211388 36190 85444 121634 63657 6826 29219 36045
1125 SE 432724 265361 46101 121262 167363 204336 38097 90589 128686 61025 8004 30673 38677
1150 SE 432724 255088 49589 128047 177636 196977 40253 95792 136045 58111 9336 32255 41591
1175 SE 432724 244989 52535 135200 187735 189694 42083 101245 143328 55295 10452 33955 44407
1200 SE 432724 235363 54698 142663 197361 182670 43632 106720 150352 52693 11066 35943 47009
1225 SE 432724 226114 55712 150898 206610 175789 44896 112337 157233 50325 10816 38561 49377
1250 SE 432724 216412 56447 159865 216312 168335 46313 118374 164687 48077 10134 41491 51625
1275 SE 432724 207106 56458 169160 225618 160943 47214 124865 172079 46163 9244 44295 53539
1300 SE 432724 197043 56531 179150 235681 152986 47794 132242 180036 44057 8737 46908 55645
1325 SE 432724 187226 56512 188986 245498 145311 48004 139707 187711 41915 8508 49279 57787
1350 SE 432724 177545 56894 198285 255179 137676 48594 146752 195346 39869 8300 51533 59833
1375 SE 432724 167714 58161 206849 265010 129720 49900 153402 203302 37994 8261 53447 61708
1400 SE 432724 158022 58305 216397 274702 121888 50294 160840 211134 36134 8011 55557 63568
1425 SE 432724 147548 59266 225910 285176 113923 50886 168213 219099 33625 8380 57697 66077
1450 SE 432724 136409 60769 235546 296315 105621 51605 175796 227401 30788 9164 59750 68914
1475 SE 432724 126062 61249 245413 306662 97836 51402 183784 235186 28226 9847 61629 71476
1500 SE 432724 116471 61485 254768 316253 90503 51248 191271 242519 25968 10237 63497 73734
