0 None 418284 418256 28 0 28 312959 28 0 28 105297 0 0 0
25 None 418284 418114 170 0 170 312829 158 0 158 105285 12 0 12
50 None 418284 417733 551 0 551 312533 454 0 454 105200 97 0 97
75 None 418284 417149 1135 0 1135 312110 877 0 877 105039 258 0 258
100 None 418284 416443 1841 0 1841 311612 1375 0 1375 104831 466 0 466
125 None 418284 415336 2938 10 2948 310819 2168 0 2168 104517 770 10 780
150 None 418284 413816 4378 90 4468 309762 3225 0 3225 104054 1153 90 1243
175 None 418284 411965 5993 326 6319 308433 4478 76 4554 103532 1515 250 1765
200 None 418284 409970 7582 732 8314 307080 5630 277 5907 102890 1952 455 2407
225 None 418284 408113 8733 1438 10171 305833 6487 667 7154 102280 2246 771 3017
250 None 418284 406259 9702 2323 12025 304565 7330 1092 8422 101694 2372 1231 3603
275 None 418284 404310 10486 3488 13974 303227 8013 1747 9760 101083 2473 1741 4214
300 None 418284 402067 11205 5012 16217 301592 8763 2632 11395 100475 2442 2380 4822
325 None 418284 399853 11634 6797 18431 299928 9259 3800 13059 99925 2375 2997 5372
350 None 418284 397923 11539 8822 20361 298475 9268 5244 14512 99448 2271 3578 5849
375 None 418284 395875 11683 10726 22409 296822 9632 6533 16165 99053 2051 4193 6244
400 None 418284 393472 12304 12508 24812 294853 10425 7709 18134 98619 1879 4799 6678
425 None 418284 390548 13323 14413 27736 292596 11327 9064 20391 97952 1996 5349 7345
450 None 418284 387149 14856 16279 31135 289876 12655 10456 23111 97273 2201 5823 8024
475 None 418284 384139 15724 18421 34145 287375 13423 12189 25612 96764 2301 6232 8533
500 None 418284 381176 16693 20415 37108 284957 14268 13762 28030 96219 2425 6653 9078
525 None 418284 377340 18377 22567 40944 281960 15766 15261 31027 95380 2611 7306 9917
550 None 418284 373472 19725 25087 44812 279014 16886 17087 33973 94458 2839 8000 10839
575 None 418284 368467 22182 27635 49817 275374 18486 19127 37613 93093 3696 8508 12204
600 None 418284 362228 25290 30766 56056 270728 20547 21712 42259 91500 4743 9054 13797
625 None 418284 355713 28397 34174 62571 265892 22791 24304 47095 89821 5606 9870 15476
650 None 418284 349529 31192 37563 68755 261297 24925 26765 51690 88232 6267 10798 17065
675 None 418284 342779 33901 41604 75505 256428 27106 29453 56559 86351 6795 12151 18946
700 None 418284 335611 36425 46248 82673 251303 29175 32509 61684 84308 7250 13739 20989
725 None 418284 327995 39333 50956 90289 245868 31566 35553 67119 82127 7767 15403 23170
750 None 418284 320424 41133 56727 97860 240428 32839 39720 72559 79996 8294 17007 25301
775 None 418284 313423 41410 63451 104861 235176 33226 44585 77811 78247 8184 18866 27050
800 None 418284 306610 41525 70149 111674 230096 33647 49244 82891 76514 7878 20905 28783
825 None 418284 299848 41360 77076 118436 224890 34104 53993 88097 74958 7256 23083 30339
850 None 418284 292524 41516 84244 125760 219289 34676 59022 93698 73235 6840 25222 32062
875 None 418284 284709 42333 91242 133575 213303 35421 64263 99684 71406 6912 26979 33891
900 None 418284 276263 43682 98339 142021 206973 36397 69617 106014 69290 7285 28722 36007
925 None 418284 267219 45500 105565 151065 200445 37255 75287 112542 66774 8245 30278 38523
950 None 418284 258266 47794 112224 160018 194014 38745 80228 118973 64252 9049 31996 41045
975 None 418284 249185 49893 119206 169099 187334 40248 85405 125653 61851 9645 33801 43446
1000 None 418284 239729 51955 126600 178555 180568 41740 90679 132419 59161 10215 35921 46136
1025 None 418284 229158 54047 135079 189126 172857 43469 96661 140130 56301 10578 38418 48996
1050 None 418284 218478 56210 143596 199806 164906 45431 102650 148081 53572 10779 40946 51725
1075 None 418284 207861 57831 152592 210423 156893 46864 109230 156094 50968 10967 43362 54329
1100 None 418284 198695 57888 161701 219589 149750 47570 115667 163237 48945 10318 46034 56352
1125 None 418284 189280 57918 171086 229004 142375 48395 122217 170612 46905 9523 48869 58392
1150 None 418284 178978 58967 180339 239306 134341 49923 128723 178646 44637 9044 51616 60660
1175 None 418284 168376 59534 190374 249908 126166 50687 136134 186821 42210 8847 54240 63087
1200 None 418284 157672 60393 200219 260612 118312 50736 143939 194675 39360 9657 56280 65937
1225 None 418284 146426 61443 210415 271858 109826 51058 152103 203161 36600 10385 58312 68697
1250 None 418284 135761 62562 219961 282523 101744 51859 159384 211243 34017 10703 60577 71280
1275 None 418284 125223 63332 229729 293061 93808 52424 166755 219179 31415 10908 62974 73882
1300 None 418284 114696 63292 240296 303588 85992 52523 174472 226995 28704 10769 65824 76593
1325 None 418284 104697 62426 251161 313587 78935 51495 182557 234052 25762 10931 68604 79535
1350 None 418284 94635 61930 261719 323649 72047 50384 190556 240940 22588 11546 71163 82709
1375 None 418284 84944 60931 272409 333340 65311 49034 198642 247676 19633 11897 73767 85664
1400 None 418284 75822 58993 283469 342462 58727 47280 206980 254260 17095 11713 76489 88202
1425 None 418284 67620 56105 294559 350664 52497 45355 215135 260490 15123 10750 79424 90174
1450 None 418284 59905 52805 305574 358379 46635 43386 222966 266352 13270 9419 82608 92027
1475 None 418284 52332 49889 316063 365952 41052 41426 230509 271935 11280 8463 85554 94017
1500 None 418284 45603 47159 325522 372681 36070 39505 237412 276917 9533 7654 88110 95764