0 SE 438946 438918 28 0 28 324155 28 0 28 114763 0 0 0
25 SE 438946 438824 122 0 122 324070 113 0 113 114754 9 0 9
50 SE 438946 438644 302 0 302 323907 276 0 276 114737 26 0 26
75 SE 438946 438281 665 0 665 323619 564 0 564 114662 101 0 101
100 SE 438946 437710 1236 0 1236 323182 1001 0 1001 114528 235 0 235
125 SE 438946 436912 2025 9 2034 322572 1611 0 1611 114340 414 9 423
150 SE 438946 435932 2989 25 3014 321869 2314 0 2314 114063 675 25 700
175 SE 438946 434852 3928 166 4094 321099 3012 72 3084 113753 916 94 1010
200 SE 438946 433478 5065 403 5468 320136 3874 173 4047 113342 1191 230 1421
225 SE 438946 431980 6174 792 6966 319110 4692 381 5073 112870 1482 411 1893
250 SE 438946 430155 7369 1422 8791 317826 5624 733 6357 112329 1745 689 2434
275 SE 438946 427916 8737 2293 11030 316299 6593 1291 7884 111617 2144 1002 3146
300 SE 438946 425203 10421 3322 13743 314448 7819 1916 9735 110755 2602 1406 4008
325 SE 438946 422257 12116 4573 16689 312481 9003 2699 11702 109776 3113 1874 4987
350 SE 438946 419260 13745 5941 19686 310617 10035 3531 13566 108643 3710 2410 6120
375 SE 438946 415986 15362 7598 22960 308550 11144 4489 15633 107436 4218 3109 7327
400 SE 438946 412754 16576 9616 26192 306371 12163 5649 17812 106383 4413 3967 8380
425 SE 438946 408639 18277 12030 30307 303404 13689 7090 20779 105235 4588 4940 9528
450 SE 438946 403990 20142 14814 34956 300090 15336 8757 24093 103900 4806 6057 10863
475 SE 438946 399461 21527 17958 39485 296862 16651 10670 27321 102599 4876 7288 12164
500 SE 438946 395270 22763 20913 43676 293847 17767 12569 30336 101423 4996 8344 13340
525 SE 438946 391304 23635 24007 47642 290991 18651 14541 33192 100313 4984 9466 14450
550 SE 438946 387341 24168 27437 51605 288229 19328 16626 35954 99112 4840 10811 15651
575 SE 438946 383182 24591 31173 55764 285413 19711 19059 38770 97769 4880 12114 16994
600 SE 438946 378754 24464 35728 60192 282299 19445 22439 41884 96455 5019 13289 18308
625 SE 438946 374056 24873 40017 64890 278968 19606 25609 45215 95088 5267 14408 19675
650 SE 438946 369112 25441 44393 69834 275353 20040 28790 48830 93759 5401 15603 21004
675 SE 438946 364164 26122 48660 74782 271655 20820 31708 52528 92509 5302 16952 22254
700 SE 438946 359491 26698 52757 79455 268127 21550 34506 56056 91364 5148 18251 23399
725 SE 438946 355010 27073 56863 83936 264795 22142 37246 59388 90215 4931 19617 24548
750 SE 438946 350069 27693 61184 88877 261109 22834 40240 63074 88960 4859 20944 25803
775 SE 438946 345002 28386 65558 93944 257417 23407 43359 66766 87585 4979 22199 27178
800 SE 438946 339384 29312 70250 99562 253496 23796 46891 70687 85888 5516 23359 28875
825 SE 438946 333703 30043 75200 105243 249330 24158 50695 74853 84373 5885 24505 30390
850 SE 438946 327964 31001 79981 110982 245072 24874 54237 79111 82892 6127 25744 31871
875 SE 438946 322510 31656 84780 116436 241031 25476 57676 83152 81479 6180 27104 33284
900 SE 438946 316860 32146 89940 122086 236754 26286 61143 87429 80106 5860 28797 34657
925 SE 438946 310406 33328 95212 128540 231710 27584 64889 92473 78696 5744 30323 36067
950 SE 438946 304252 34292 100402 134694 227021 28563 68599 97162 77231 5729 31803 37532
975 SE 438946 296960 36016 105970 141986 221575 29873 72735 102608 75385 6143 33235 39378
1000 SE 438946 289725 37733 111488 149221 216271 31029 76883 107912 73454 6704 34605 41309
1025 SE 438946 282286 39563 117097 156660 210796 32290 81097 113387 71490 7273 36000 43273
1050 SE 438946 274757 41588 122601 164189 205258 33795 85130 118925 69499 7793 37471 45264
1075 SE 438946 267155 42560 129231 171791 199741 34508 89934 124442 67414 8052 39297 47349
1100 SE 438946 259437 43562 135947 179509 194192 35274 94717 129991 65245 8288 41230 49518
1125 SE 438946 250666 45336 142944 188280 187729 36706 99748 136454 62937 8630 43196 51826
1150 SE 438946 241886 46667 150393 197060 181048 37924 105211 143135 60838 8743 45182 53925
1175 SE 438946 233023 48083 157840 205923 174383 39226 110574 149800 58640 8857 47266 56123
1200 SE 438946 223930 49521 165495 215016 167685 40440 116058 156498 56245 9081 49437 58518
1225 SE 438946 214884 50737 173325 224062 161146 41449 121588 163037 53738 9288 51737 61025
1250 SE 438946 205790 52353 180803 233156 154486 42743 126954 169697 51304 9610 53849 63459
1275 SE 438946 196514 53366 189066 242432 147358 43801 133024 176825 49156 9565 56042 65607
1300 SE 438946 187374 53433 198139 251572 140294 44168 139721 183889 47080 9265 58418 67683
1325 SE 438946 177122 54618 207206 261824 132260 45641 146282 191923 44862 8977 60924 69901
1350 SE 438946 166215 56304 216427 272731 123819 47298 153066 200364 42396 9006 63361 72367
1375 SE 438946 154839 58933 225174 284107 115231 49285 159667 208952 39608 9648 65507 75155
1400 SE 438946 143068 62088 233790 295878 106432 51555 166196 217751 36636 10533 67594 78127
1425 SE 438946 132643 63312 242991 306303 98643 52360 173180 225540 34000 10952 69811 80763
1450 SE 438946 123214 63323 252409 315732 91403 52627 180153 232780 31811 10696 72256 82952
1475 SE 438946 114016 62357 262573 324930 84194 52463 187526 239989 29822 9894 75047 84941
1500 SE 438946 104224 60693 274029 334722 76497 51672 196014 247686 27727 9021 78015 87036