0 None 436460 436434 26 0 26 326800 26 0 26 109634 0 0 0
25 None 436460 436381 79 0 79 326747 79 0 79 109634 0 0 0
50 None 436460 436299 161 0 161 326668 158 0 158 109631 3 0 3
75 None 436460 436010 450 0 450 326413 413 0 413 109597 37 0 37
100 None 436460 435377 1083 0 1083 325894 932 0 932 109483 151 0 151
125 None 436460 434354 2106 0 2106 325103 1723 0 1723 109251 383 0 383
150 None 436460 433456 3001 3 3004 324414 2412 0 2412 109042 589 3 592
175 None 436460 432511 3860 89 3949 323633 3139 54 3193 108878 721 35 756
200 None 436460 431542 4659 259 4918 322769 3946 111 4057 108773 713 148 861
225 None 436460 430447 5388 625 6013 321841 4734 251 4985 108606 654 374 1028
250 None 436460 428852 6396 1212 7608 320575 5626 625 6251 108277 770 587 1357
275 None 436460 427018 7399 2043 9442 319158 6377 1291 7668 107860 1022 752 1774
300 None 436460 424740 8796 2924 11720 317470 7290 2066 9356 107270 1506 858 2364
325 None 436460 422498 10139 3823 13962 315890 8135 2801 10936 106608 2004 1022 3026
350 None 436460 419664 11852 4944 16796 313949 9269 3608 12877 105715 2583 1336 3919
375 None 436460 416415 13834 6211 20045 311794 10582 4450 15032 104621 3252 1761 5013
400 None 436460 412600 15932 7928 23860 309134 12104 5588 17692 103466 3828 2340 6168
425 None 436460 408521 18013 9926 27939 306250 13652 6924 20576 102271 4361 3002 7363
450 None 436460 404737 19471 12252 31723 303580 14864 8382 23246 101157 4607 3870 8477
475 None 436460 400720 20651 15089 35740 300796 15907 10123 26030 99924 4744 4966 9710
500 None 436460 395744 22820 17896 40716 297141 17907 11778 29685 98603 4913 6118 11031
525 None 436460 389718 25534 21208 46742 292874 20061 13891 33952 96844 5473 7317 12790
550 None 436460 382954 28842 24664 53506 288130 22467 16229 38696 94824 6375 8435 14810
575 None 436460 376444 31222 28794 60016 283505 24184 19137 43321 92939 7038 9657 16695
600 None 436460 370653 32999 32808 65807 279385 25596 21845 47441 91268 7403 10963 18366
625 None 436460 364387 34818 37255 72073 275008 27264 24554 51818 89379 7554 12701 20255
650 None 436460 358181 35945 42334 78279 270536 28692 27598 56290 87645 7253 14736 21989
675 None 436460 351720 36484 48256 84740 265790 29388 31648 61036 85930 7096 16608 23704
700 None 436460 345133 36871 54456 91327 260909 29761 36156 65917 84224 7110 18300 25410
725 None 436460 338418 36880 61162 98042 255877 29961 40988 70949 82541 6919 20174 27093
750 None 436460 331490 37729 67241 104970 250735 30761 45330 76091 80755 6968 21911 28879
775 None 436460 324490 38787 73183 111970 245478 31798 49550 81348 79012 6989 23633 30622
800 None 436460 316845 40330 79285 119615 240058 32833 53935 86768 76787 7497 25350 32847
825 None 436460 308926 41993 85541 127534 234423 33882 58521 92403 74503 8111 27020 35131
850 None 436460 300607 43674 92179 135853 228264 35179 63383 98562 72343 8495 28796 37291
875 None 436460 292443 45198 98819 144017 221962 36581 68283 104864 70481 8617 30536 39153
900 None 436460 284430 45882 106148 152030 215798 37636 73392 111028 68632 8246 32756 41002
925 None 436460 276391 46498 113571 160069 209584 38709 78533 117242 66807 7789 35038 42827
950 None 436460 268600 46643 121217 167860 203534 39285 84007 123292 65066 7358 37210 44568
975 None 436460 260392 47698 128370 176068 197033 40510 89283 129793 63359 7188 39087 46275
1000 None 436460 251083 49050 136327 185377 189562 41861 95403 137264 61521 7189 40924 48113
1025 None 436460 241571 50587 144302 194889 182163 43114 101549 144663 59408 7473 42753 50226
1050 None 436460 231130 52986 152344 205330 174060 44923 107843 152766 57070 8063 44501 52564
1075 None 436460 219727 56546 160187 216733 165518 47322 113986 161308 54209 9224 46201 55425
1100 None 436460 207395 60783 168282 229065 156481 50083 120262 170345 50914 10700 48020 58720
1125 None 436460 195076 64955 176429 241384 147349 53180 126297 179477 47727 11775 50132 61907
1150 None 436460 182534 68115 185811 253926 137981 55511 133334 188845 44553 12604 52477 65081
1175 None 436460 170736 69727 195997 265724 129211 56906 140709 197615 41525 12821 55288 68109
1200 None 436460 160263 69229 206968 276197 121216 57218 148392 205610 39047 12011 58576 70587
1225 None 436460 149398 68474 218588 287062 112953 57071 156802 213873 36445 11403 61786 73189
1250 None 436460 138118 67895 230447 298342 104319 57016 165491 222507 33799 10879 64956 75835
1275 None 436460 127545 66150 242765 308915 96306 55774 174746 230520 31239 10376 68019 78395
1300 None 436460 117010 64997 254453 319450 88226 54629 183971 238600 28784 10368 70482 80850
1325 None 436460 106730 63523 266207 329730 80364 53349 193113 246462 26366 10174 73094 83268
1350 None 436460 97224 61972 277264 339236 73231 52062 201533 253595 23993 9910 75731 85641
1375 None 436460 87832 60880 287748 348628 66047 51315 209464 260779 21785 9565 78284 87849
1400 None 436460 78995 58672 298793 357465 59036 49754 218036 267790 19959 8918 80757 89675
1425 None 436460 69795 57152 309513 366665 51657 48820 226349 275169 18138 8332 83164 91496
1450 None 436460 60134 56233 320093 376326 44066 48219 234541 282760 16068 8014 85552 93566
1475 None 436460 50199 56145 330116 386261 36530 47934 242362 290296 13669 8211 87754 95965
1500 None 436460 41714 55257 339489 394746 30285 46660 249881 296541 11429 8597 89608 98205