0 None 419673 419643 30 0 30 330265 30 0 30 89378 0 0 0
25 None 419673 419579 94 0 94 330201 94 0 94 89378 0 0 0
50 None 419673 419455 218 0 218 330078 217 0 217 89377 1 0 1
75 None 419673 419147 526 0 526 329820 475 0 475 89327 51 0 51
100 None 419673 418493 1180 0 1180 329318 977 0 977 89175 203 0 203
125 None 419673 417694 1979 0 1979 328706 1589 0 1589 88988 390 0 390
150 None 419673 416513 3159 1 3160 327823 2472 0 2472 88690 687 1 688
175 None 419673 414825 4751 97 4848 326523 3721 51 3772 88302 1030 46 1076
200 None 419673 412880 6468 325 6793 325093 5072 130 5202 87787 1396 195 1591
225 None 419673 410405 8596 672 9268 323185 6819 291 7110 87220 1777 381 2158
250 None 419673 408132 10169 1372 11541 321383 8202 710 8912 86749 1967 662 2629
275 None 419673 405245 12095 2333 14428 319078 9938 1279 11217 86167 2157 1054 3211
300 None 419673 402274 13874 3525 17399 316688 11649 1958 13607 85586 2225 1567 3792
325 None 419673 399233 15236 5204 20440 314329 12896 3070 15966 84904 2340 2134 4474
350 None 419673 395809 16875 6989 23864 311591 14327 4377 18704 84218 2548 2612 5160
375 None 419673 392286 18116 9271 27387 308805 15401 6089 21490 83481 2715 3182 5897
400 None 419673 388323 19614 11736 31350 305657 16668 7970 24638 82666 2946 3766 6712
425 None 419673 384118 21141 14414 35555 302434 17897 9964 27861 81684 3244 4450 7694
450 None 419673 380028 22148 17497 39645 299294 18628 12373 31001 80734 3520 5124 8644
475 None 419673 375606 23483 20584 44067 295810 19766 14719 34485 79796 3717 5865 9582
500 None 419673 371033 24740 23900 48640 292243 20821 17231 38052 78790 3919 6669 10588
525 None 419673 366437 25545 27691 53236 288514 21750 20031 41781 77923 3795 7660 11455
550 None 419673 361635 26483 31555 58038 284550 22792 22953 45745 77085 3691 8602 12293
575 None 419673 356396 27589 35688 63277 280191 23959 26145 50104 76205 3630 9543 13173
600 None 419673 351372 28323 39978 68301 276028 24844 29423 54267 75344 3479 10555 14034
625 None 419673 346097 29445 44131 73576 271608 25980 32707 58687 74489 3465 11424 14889
650 None 419673 340561 30632 48480 79112 267148 26926 36221 63147 73413 3706 12259 15965
675 None 419673 334854 31876 52943 84819 262607 27880 39808 67688 72247 3996 13135 17131
700 None 419673 328066 33938 57669 91607 257313 29315 43667 72982 70753 4623 14002 18625
725 None 419673 320863 36101 62709 98810 251735 30699 47861 78560 69128 5402 14848 20250
750 None 419673 313407 38329 67937 106266 245927 32352 52016 84368 67480 5977 15921 21898
775 None 419673 306128 40143 73402 113545 240137 33837 56321 90158 65991 6306 17081 23387
800 None 419673 298378 41963 79332 121295 233808 35710 60777 96487 64570 6253 18555 24808
825 None 419673 290375 43897 85401 129298 227195 37859 65241 103100 63180 6038 20160 26198
850 None 419673 282342 45338 91993 137331 220726 39413 70156 109569 61616 5925 21837 27762
875 None 419673 274438 46318 98917 145235 214485 40235 75575 115810 59953 6083 23342 29425
900 None 419673 266696 46827 106150 152977 208135 40765 81395 122160 58561 6062 24755 30817
925 None 419673 258750 47586 113337 160923 201584 41514 87197 128711 57166 6072 26140 32212
950 None 419673 251141 47717 120815 168532 195166 42021 93108 135129 55975 5696 27707 33403
975 None 419673 243631 47048 128994 176042 188889 41783 99623 141406 54742 5265 29371 34636
1000 None 419673 235148 47535 136990 184525 181944 42122 106229 148351 53204 5413 30761 36174
1025 None 419673 227062 47851 144760 192611 175502 42187 112606 154793 51560 5664 32154 37818
1050 None 419673 218901 48845 151927 200772 169252 42471 118572 161043 49649 6374 33355 39729
1075 None 419673 210494 49269 159910 209179 162772 42195 125328 167523 47722 7074 34582 41656
1100 None 419673 202394 49427 167852 217279 156265 42276 131754 174030 46129 7151 36098 43249
1125 None 419673 193773 50106 175794 225900 149509 42741 138045 180786 44264 7365 37749 45114
1150 None 419673 184333 51004 184336 235340 142066 43550 144679 188229 42267 7454 39657 47111
1175 None 419673 173889 52783 193001 245784 133882 45010 151403 196413 40007 7773 41598 49371
1200 None 419673 163439 55232 201002 256234 125663 46819 157813 204632 37776 8413 43189 51602
1225 None 419673 152923 57693 209057 266750 117470 48811 164014 212825 35453 8882 45043 53925
1250 None 419673 141904 60114 217655 277769 109059 50608 170628 221236 32845 9506 47027 56533
1275 None 419673 130280 62944 226449 289393 100185 52955 177155 230110 30095 9989 49294 59283
1300 None 419673 118792 65086 235795 300881 91311 54710 184274 238984 27481 10376 51521 61897
1325 None 419673 107147 66549 245977 312526 82452 55700 192143 247843 24695 10849 53834 64683
1350 None 419673 96048 66684 256941 323625 74048 55716 200531 256247 22000 10968 56410 67378
1375 None 419673 86535 65449 267689 333138 66983 54795 208517 263312 19552 10654 59172 69826
1400 None 419673 77905 63062 278706 341768 60616 52760 216919 269679 17289 10302 61787 72089
1425 None 419673 69506 60244 289923 350167 54572 50363 225360 275723 14934 9881 64563 74444
1450 None 419673 60836 57306 301531 358837 48209 47823 234263 282086 12627 9483 67268 76751
1475 None 419673 53284 53438 312951 366389 42424 44630 243241 287871 10860 8808 69710 78518
1500 None 419673 47977 47801 323895 371696 38168 40222 251905 292127 9809 7579 71990 79569