0 SE 417437 417409 28 0 28 310833 27 0 27 106576 1 0 1
25 SE 417437 416928 509 0 509 310521 339 0 339 106407 170 0 170
50 SE 417437 415598 1839 0 1839 309597 1263 0 1263 106001 576 0 576
75 SE 417437 413958 3479 0 3479 308341 2519 0 2519 105617 960 0 960
100 SE 417437 412263 5174 0 5174 306921 3939 0 3939 105342 1235 0 1235
125 SE 417437 409948 7333 156 7489 305026 5834 0 5834 104922 1499 156 1655
150 SE 417437 407251 9627 559 10186 303009 7851 0 7851 104242 1776 559 2335
175 SE 417437 404903 11471 1063 12534 301181 9568 111 9679 103722 1903 952 2855
200 SE 417437 401989 13535 1913 15448 298936 11231 693 11924 103053 2304 1220 3524
225 SE 417437 398288 15619 3530 19149 296184 12776 1900 14676 102104 2843 1630 4473
250 SE 417437 394483 17488 5466 22954 293655 14045 3160 17205 100828 3443 2306 5749
275 SE 417437 390322 19554 7561 27115 290939 15199 4722 19921 99383 4355 2839 7194
300 SE 417437 386044 21118 10275 31393 288013 16055 6792 22847 98031 5063 3483 8546
325 SE 417437 381617 22617 13203 35820 284760 17323 8777 26100 96857 5294 4426 9720
350 SE 417437 376737 24290 16410 40700 280887 19269 10704 29973 95850 5021 5706 10727
375 SE 417437 371313 25771 20353 46124 276501 21143 13216 34359 94812 4628 7137 11765
400 SE 417437 364515 28463 24459 52922 271013 23877 15970 39847 93502 4586 8489 13075
425 SE 417437 356724 32573 28140 60713 265197 27205 18458 45663 91527 5368 9682 15050
450 SE 417437 348082 37383 31972 69355 258764 30815 21281 52096 89318 6568 10691 17259
475 SE 417437 339222 42165 36050 78215 252171 34367 24322 58689 87051 7798 11728 19526
500 SE 417437 329398 47184 40855 88039 244957 38062 27841 65903 84441 9122 13014 22136
525 SE 417437 320381 50157 46899 97056 238298 40623 31939 72562 82083 9534 14960 24494
550 SE 417437 311002 52381 54054 106435 231399 42589 36872 79461 79603 9792 17182 26974
575 SE 417437 300913 54414 62110 116524 223804 44368 42688 87056 77109 10046 19422 29468
600 SE 417437 289689 57134 70614 127748 215481 46794 48585 95379 74208 10340 22029 32369
625 SE 417437 277742 60167 79528 139695 206450 49275 55135 104410 71292 10892 24393 35285
650 SE 417437 264768 63552 89117 152669 196406 52209 62245 114454 68362 11343 26872 38215
675 SE 417437 251444 67456 98537 165993 186153 55541 69166 124707 65291 11915 29371 41286
700 SE 417437 237427 71903 108107 180010 175630 59364 75866 135230 61797 12539 32241 44780
725 SE 417437 224488 74768 118181 192949 165931 61925 83004 144929 58557 12843 35177 48020
750 SE 417437 211329 76931 129177 206108 155863 63893 91104 154997 55466 13038 38073 51111
775 SE 417437 198744 77913 140780 218693 146262 64982 99616 164598 52482 12931 41164 54095
800 SE 417437 186546 77301 153590 230891 136930 64980 108950 173930 49616 12321 44640 56961
825 SE 417437 173883 76219 167335 243554 127145 64272 119443 183715 46738 11947 47892 59839
850 SE 417437 161525 74909 181003 255912 117784 63084 129992 193076 43741 11825 51011 62836
875 SE 417437 150133 73637 193667 267304 109480 61696 139684 201380 40653 11941 53983 65924
900 SE 417437 139678 71240 206519 277759 101636 59553 149671 209224 38042 11687 56848 68535
925 SE 417437 129692 68355 219390 287745 93983 57209 159668 216877 35709 11146 59722 70868
950 SE 417437 119870 65793 231774 297567 86508 55297 169055 224352 33362 10496 62719 73215
975 SE 417437 111967 61102 244368 305470 80319 51976 178565 230541 31648 9126 65803 74929
1000 SE 417437 105250 55489 256698 312187 75114 47493 188253 235746 30136 7996 68445 76441
1025 SE 417437 99353 50197 267887 318084 70715 43029 197116 240145 28638 7168 70771 77939
1050 SE 417437 93834 45303 278300 323603 66620 39071 205169 244240 27214 6232 73131 79363
1075 SE 417437 88596 41012 287829 328841 62763 35125 212972 248097 25833 5887 74857 80744
1100 SE 417437 82718 37701 297018 334719 58393 31835 220632 252467 24325 5866 76386 82252
1125 SE 417437 77014 35019 305404 340423 54247 29093 227520 256613 22767 5926 77884 83810
1150 SE 417437 72094 32942 312401 345343 50477 27295 233088 260383 21617 5647 79313 84960
1175 SE 417437 67010 31880 318547 350427 46613 26397 237850 264247 20397 5483 80697 86180
1200 SE 417437 61853 31214 324370 355584 42786 25902 242172 268074 19067 5312 82198 87510
1225 SE 417437 56412 31169 329856 361025 38936 25838 246086 271924 17476 5331 83770 89101
1250 SE 417437 51013 31359 335065 366424 35057 25647 250156 275803 15956 5712 84909 90621
1275 SE 417437 45730 31101 340606 371707 31196 25174 254490 279664 14534 5927 86116 92043
1300 SE 417437 40828 30680 345929 376609 27680 24699 258481 283180 13148 5981 87448 93429
1325 SE 417437 36851 29260 351326 380586 24937 23637 262286 285923 11914 5623 89040 94663
1350 SE 417437 32953 27889 356595 384484 22200 22621 266039 288660 10753 5268 90556 95824
1375 SE 417437 29111 26460 361866 388326 19420 21566 269874 291440 9691 4894 91992 96886
1400 SE 417437 25663 24646 367128 391774 16862 20248 273750 293998 8801 4398 93378 97776
1425 SE 417437 22682 22564 372191 394755 14680 18599 277581 296180 8002 3965 94610 98575
1450 SE 417437 19824 20427 377186 397613 12507 16946 281407 298353 7317 3481 95779 99260
1475 SE 417437 17196 18833 381408 400241 10609 15688 284563 300251 6587 3145 96845 99990
1500 SE 417437 15064 17413 384960 402373 9072 14562 287226 301788 5992 2851 97734 100585
