0 SE 423822 423794 28 0 28 330163 28 0 28 93631 0 0 0
25 SE 423822 423681 141 0 141 330050 141 0 141 93631 0 0 0
50 SE 423822 423199 623 0 623 329685 506 0 506 93514 117 0 117
75 SE 423822 421938 1884 0 1884 328769 1422 0 1422 93169 462 0 462
100 SE 423822 420077 3745 0 3745 327344 2847 0 2847 92733 898 0 898
125 SE 423822 417640 6182 0 6182 325475 4716 0 4716 92165 1466 0 1466
150 SE 423822 414112 9610 100 9710 322839 7352 0 7352 91273 2258 100 2358
175 SE 423822 410784 12514 524 13038 320380 9731 80 9811 90404 2783 444 3227
200 SE 423822 406622 16059 1141 17200 317331 12598 262 12860 89291 3461 879 4340
225 SE 423822 400952 20610 2260 22870 313218 16137 836 16973 87734 4473 1424 5897
250 SE 423822 394932 24495 4395 28890 308834 19299 2058 21357 86098 5196 2337 7533
275 SE 423822 389474 27539 6809 34348 304750 21816 3625 25441 84724 5723 3184 8907
300 SE 423822 383592 29980 10250 40230 300345 23890 5956 29846 83247 6090 4294 10384
325 SE 423822 377446 31965 14411 46376 295838 25782 8571 34353 81608 6183 5840 12023
350 SE 423822 371021 34150 18651 52801 290975 28029 11187 39216 80046 6121 7464 13585
375 SE 423822 364562 35605 23655 59260 285936 29459 14796 44255 78626 6146 8859 15005
400 SE 423822 358080 36269 29473 65742 280744 30297 19150 49447 77336 5972 10323 16295
425 SE 423822 351258 37324 35240 72564 275600 31298 23293 54591 75658 6026 11947 17973
450 SE 423822 344085 38767 40970 79737 270168 32586 27437 60023 73917 6181 13533 19714
475 SE 423822 336468 40370 46984 87354 264173 33977 32041 66018 72295 6393 14943 21336
500 SE 423822 327902 42968 52952 95920 257326 36149 36716 72865 70576 6819 16236 23055
525 SE 423822 319070 45457 59295 104752 250573 38228 41390 79618 68497 7229 17905 25134
550 SE 423822 309446 47889 66487 114376 243641 39703 46847 86550 65805 8186 19640 27826
575 SE 423822 299241 51557 73024 124581 236459 41962 51770 93732 62782 9595 21254 30849
600 SE 423822 288384 55215 80223 135438 228526 44437 57228 101665 59858 10778 22995 33773
625 SE 423822 277142 58851 87829 146680 219980 47396 62815 110211 57162 11455 25014 36469
650 SE 423822 265447 61353 97022 158375 210991 49897 69303 119200 54456 11456 27719 39175
675 SE 423822 253401 63509 106912 170421 201552 52456 76183 128639 51849 11053 30729 41782
700 SE 423822 241042 66117 116663 182780 191519 55661 83011 138672 49523 10456 33652 44108
725 SE 423822 227344 70230 126248 196478 180389 59912 89890 149802 46955 10318 36358 46676
750 SE 423822 213246 73852 136724 210576 168965 63595 97631 161226 44281 10257 39093 49350
775 SE 423822 198271 78176 147375 225551 156997 67524 105670 173194 41274 10652 41705 52357
800 SE 423822 182276 83122 158424 241546 144136 71652 114403 186055 38140 11470 44021 55491
825 SE 423822 166565 87044 170213 257257 131404 75153 123634 198787 35161 11891 46579 58470
850 SE 423822 151422 89876 182524 272400 119054 77858 133279 211137 32368 12018 49245 61263
875 SE 423822 139559 88136 196127 284263 109573 76736 143882 220618 29986 11400 52245 63645
900 SE 423822 130398 82858 210566 293424 102381 72621 155189 227810 28017 10237 55377 65614
925 SE 423822 122749 75735 225338 301073 96247 66942 167002 233944 26502 8793 58336 67129
950 SE 423822 115786 67624 240412 308036 90460 60474 179257 239731 25326 7150 61155 68305
975 SE 423822 109298 58713 255811 314524 84944 52988 192259 245247 24354 5725 63552 69277
1000 SE 423822 102902 50700 270220 320920 79625 45885 204681 250566 23277 4815 65539 70354
1025 SE 423822 97386 43027 283409 326436 75085 38791 216315 255106 22301 4236 67094 71330
1050 SE 423822 92262 39215 292345 331560 71122 34981 224088 259069 21140 4234 68257 72491
1075 SE 423822 86576 37097 300149 337246 67070 32204 230917 263121 19506 4893 69232 74125
1100 SE 423822 81349 35430 307043 342473 63568 29895 236728 266623 17781 5535 70315 75850
1125 SE 423822 75932 34077 313813 347890 59738 27925 242528 270453 16194 6152 71285 77437
1150 SE 423822 69954 33636 320232 353868 55373 27019 247799 274818 14581 6617 72433 79050
1175 SE 423822 63762 33216 326844 360060 50689 26721 252781 279502 13073 6495 74063 80558
1200 SE 423822 58570 32529 332723 365252 46658 26583 256950 283533 11912 5946 75773 81719
1225 SE 423822 54717 30726 338379 369105 43504 25669 261018 286687 11213 5057 77361 82418
1250 SE 423822 51128 28890 343804 372694 40501 24872 264818 289690 10627 4018 78986 83004
1275 SE 423822 48110 26794 348918 375712 37905 23881 268405 292286 10205 2913 80513 83426
1300 SE 423822 45022 24630 354170 378800 35343 22357 272491 294848 9679 2273 81679 83952
1325 SE 423822 41788 22411 359623 382034 32618 20342 277231 297573 9170 2069 82392 84461
1350 SE 423822 38869 20514 364439 384953 30167 18569 281455 300024 8702 1945 82984 84929
1375 SE 423822 35984 19261 368577 387838 27871 17152 285168 302320 8113 2109 83409 85518
1400 SE 423822 33213 18543 372066 390609 25653 16410 288128 304538 7560 2133 83938 86071
1425 SE 423822 30800 17576 375446 393022 23688 15498 291005 306503 7112 2078 84441 86519
1450 SE 423822 28252 17176 378394 395570 21659 15046 293486 308532 6593 2130 84908 87038
1475 SE 423822 26130 15951 381741 397692 19881 14067 296243 310310 6249 1884 85498 87382
1500 SE 423822 24244 14746 384832 399578 18348 13064 298779 311843 5896 1682 86053 87735
