0 SE 435140 435108 32 0 32 325065 27 0 27 110043 5 0 5
25 SE 435140 434827 313 0 313 324875 217 0 217 109952 96 0 96
50 SE 435140 433589 1551 0 1551 324059 1033 0 1033 109530 518 0 518
75 SE 435140 432037 3103 0 3103 323037 2055 0 2055 109000 1048 0 1048
100 SE 435140 430298 4842 0 4842 321976 3116 0 3116 108322 1726 0 1726
125 SE 435140 427789 7267 84 7351 320417 4675 0 4675 107372 2592 84 2676
150 SE 435140 424082 10567 491 11058 317917 7175 0 7175 106165 3392 491 3883
175 SE 435140 419675 14375 1090 15465 314840 10185 67 10252 104835 4190 1023 5213
200 SE 435140 415014 17916 2210 20126 311497 13083 512 13595 103517 4833 1698 6531
225 SE 435140 409946 21092 4102 25194 307882 15742 1468 17210 102064 5350 2634 7984
250 SE 435140 405371 23427 6342 29769 304707 17863 2522 20385 100664 5564 3820 9384
275 SE 435140 400311 25947 8882 34829 301140 20228 3724 23952 99171 5719 5158 10877
300 SE 435140 394784 28099 12257 40356 296874 22424 5794 28218 97910 5675 6463 12138
325 SE 435140 388054 30523 16563 47086 291739 24716 8637 33353 96315 5807 7926 13733
350 SE 435140 381179 32908 21053 53961 286450 26912 11730 38642 94729 5996 9323 15319
375 SE 435140 373706 35211 26223 61434 280857 28843 15392 44235 92849 6368 10831 17199
400 SE 435140 366223 38012 30905 68917 275241 31045 18806 49851 90982 6967 12099 19066
425 SE 435140 358624 40931 35585 76516 269468 33693 21931 55624 89156 7238 13654 20892
450 SE 435140 350145 43774 41221 84995 263266 35866 25960 61826 86879 7908 15261 23169
475 SE 435140 340298 47253 47589 94842 256058 38561 30473 69034 84240 8692 17116 25808
500 SE 435140 330748 49576 54816 104392 249040 40229 35823 76052 81708 9347 18993 28340
525 SE 435140 321276 51712 62152 113864 241914 41847 41331 83178 79362 9865 20821 30686
550 SE 435140 311652 53567 69921 123488 234612 43609 46871 90480 77040 9958 23050 33008
575 SE 435140 301396 55543 78201 133744 226520 46084 52488 98572 74876 9459 25713 35172
600 SE 435140 289351 59021 86768 145789 217080 49472 58540 108012 72271 9549 28228 37777
625 SE 435140 276999 62353 95788 158141 207894 52005 65193 117198 69105 10348 30595 40943
650 SE 435140 264403 65373 105364 170737 198873 53784 72435 126219 65530 11589 32929 44518
675 SE 435140 252476 68200 114464 182664 190805 54906 79381 134287 61671 13294 35083 48377
700 SE 435140 239897 70920 124323 195243 182465 55951 86676 142627 57432 14969 37647 52616
725 SE 435140 224998 75162 134980 210142 172031 58886 94175 153061 52967 16276 40805 57081
750 SE 435140 210831 76841 147468 224309 161392 60595 103105 163700 49439 16246 44363 60609
775 SE 435140 196264 78260 160616 238876 150164 62521 112407 174928 46100 15739 48209 63948
800 SE 435140 181734 79394 174012 253406 138650 64870 121572 186442 43084 14524 52440 66964
825 SE 435140 168087 80084 186969 267053 127477 67553 130062 197615 40610 12531 56907 69438
850 SE 435140 155069 81537 198534 280071 117077 69967 138048 208015 37992 11570 60486 72056
875 SE 435140 145424 78436 211280 289716 109353 68276 147463 215739 36071 10160 63817 73977
900 SE 435140 136872 73129 225139 298268 102785 64027 158280 222307 34087 9102 66859 75961
925 SE 435140 130383 66397 238360 304757 97832 58219 169041 227260 32551 8178 69319 77497
950 SE 435140 124607 58097 252436 310533 93495 51129 180468 231597 31112 6968 71968 78936
975 SE 435140 119053 50316 265771 316087 89242 43997 191853 235850 29811 6319 73918 80237
1000 SE 435140 113349 42928 278863 321791 85006 37118 202968 240086 28343 5810 75895 81705
1025 SE 435140 108035 37804 289301 327105 81086 32152 211854 244006 26949 5652 77447 83099
1050 SE 435140 102445 34889 297806 332695 76945 29229 218918 248147 25500 5660 78888 84548
1075 SE 435140 96453 33652 305035 338687 72636 27607 224849 252456 23817 6045 80186 86231
1100 SE 435140 90037 34119 310984 345103 68081 27677 229334 257011 21956 6442 81650 88092
1125 SE 435140 83411 35032 316697 351729 63229 28200 233663 261863 20182 6832 83034 89866
1150 SE 435140 76605 36154 322381 358535 58291 28905 237896 266801 18314 7249 84485 91734
1175 SE 435140 70434 36618 328088 364706 53809 29358 241925 271283 16625 7260 86163 93423
1200 SE 435140 64354 36732 334054 370786 49448 29619 246025 275644 14906 7113 88029 95142
1225 SE 435140 59001 36178 339961 376139 45571 29357 250164 279521 13430 6821 89797 96618
1250 SE 435140 53279 35598 346263 381861 41342 29152 254598 283750 11937 6446 91665 98111
1275 SE 435140 48004 34516 352620 387136 37280 28547 259265 287812 10724 5969 93355 99324
1300 SE 435140 42914 32931 359295 392226 33389 27478 264225 291703 9525 5453 95070 100523
1325 SE 435140 38097 31466 365577 397043 29741 26330 269021 295351 8356 5136 96556 101692
1350 SE 435140 33999 29554 371587 401141 26570 24998 273524 298522 7429 4556 98063 102619
1375 SE 435140 30165 28208 376767 404975 23717 23884 277491 301375 6448 4324 99276 103600
1400 SE 435140 26754 26266 382120 408386 21130 22330 281632 303962 5624 3936 100488 104424
1425 SE 435140 23569 24153 387418 411571 18577 20743 285772 306515 4992 3410 101646 105056
1450 SE 435140 20929 21920 392291 414211 16345 19040 289707 308747 4584 2880 102584 105464
1475 SE 435140 18860 19219 397061 416280 14681 16921 293490 310411 4179 2298 103571 105869
1500 SE 435140 16857 16926 401357 418283 13059 15065 296968 312033 3798 1861 104389 106250
