0 SE 435890 435864 26 0 26 325756 26 0 26 110108 0 0 0
25 SE 435890 435691 199 0 199 325620 162 0 162 110071 37 0 37
50 SE 435890 435372 518 0 518 325380 402 0 402 109992 116 0 116
75 SE 435890 434796 1094 0 1094 324964 818 0 818 109832 276 0 276
100 SE 435890 434064 1826 0 1826 324421 1361 0 1361 109643 465 0 465
125 SE 435890 433227 2630 33 2663 323837 1945 0 1945 109390 685 33 718
150 SE 435890 432235 3551 104 3655 323115 2667 0 2667 109120 884 104 988
175 SE 435890 431177 4374 339 4713 322421 3292 69 3361 108756 1082 270 1352
200 SE 435890 430038 5161 691 5852 321682 3861 239 4100 108356 1300 452 1752
225 SE 435890 428501 6099 1290 7389 320674 4524 584 5108 107827 1575 706 2281
250 SE 435890 427079 6772 2039 8811 319678 5044 1060 6104 107401 1728 979 2707
275 SE 435890 425374 7503 3013 10516 318484 5624 1674 7298 106890 1879 1339 3218
300 SE 435890 423351 8478 4061 12539 317111 6347 2324 8671 106240 2131 1737 3868
325 SE 435890 421123 9527 5240 14767 315552 7245 2985 10230 105571 2282 2255 4537
350 SE 435890 419125 10384 6381 16765 314218 7875 3689 11564 104907 2509 2692 5201
375 SE 435890 417099 11023 7768 18791 312811 8394 4577 12971 104288 2629 3191 5820
400 SE 435890 414890 11583 9417 21000 311210 8999 5573 14572 103680 2584 3844 6428
425 SE 435890 412112 12648 11130 23778 309248 9907 6627 16534 102864 2741 4503 7244
450 SE 435890 408872 13927 13091 27018 306974 10893 7915 18808 101898 3034 5176 8210
475 SE 435890 405221 15441 15228 30669 304459 11886 9437 21323 100762 3555 5791 9346
500 SE 435890 401462 17066 17362 34428 301823 12996 10963 23959 99639 4070 6399 10469
525 SE 435890 397492 18948 19450 38398 298875 14665 12242 26907 98617 4283 7208 11491
550 SE 435890 393069 20993 21828 42821 295653 16474 13655 30129 97416 4519 8173 12692
575 SE 435890 387811 23316 24763 48079 291780 18542 15460 34002 96031 4774 9303 14077
600 SE 435890 382201 25681 28008 53689 287681 20517 17584 38101 94520 5164 10424 15588
625 SE 435890 376634 27857 31399 59256 283463 22372 19947 42319 93171 5485 11452 16937
650 SE 435890 370719 29941 35230 65171 278977 24225 22580 46805 91742 5716 12650 18366
675 SE 435890 364545 31963 39382 71345 274223 26194 25365 51559 90322 5769 14017 19786
700 SE 435890 358281 33707 43902 77609 269476 27935 28371 56306 88805 5772 15531 21303
725 SE 435890 352090 34999 48801 83800 264835 29023 31924 60947 87255 5976 16877 22853
750 SE 435890 346521 35122 54247 89369 260751 29104 35927 65031 85770 6018 18320 24338
775 SE 435890 340418 35642 59830 95472 256438 29244 40100 69344 83980 6398 19730 26128
800 SE 435890 334147 36067 65676 101743 252127 29216 44439 73655 82020 6851 21237 28088
825 SE 435890 327833 36198 71859 108057 247894 28830 49058 77888 79939 7368 22801 30169
850 SE 435890 321255 36531 78104 114635 243444 28512 53826 82338 77811 8019 24278 32297
875 SE 435890 314270 37049 84571 121620 238747 28518 58517 87035 75523 8531 26054 34585
900 SE 435890 307142 37803 90945 128748 233805 29040 62937 91977 73337 8763 28008 36771
925 SE 435890 300158 38544 97188 135732 228809 29881 67092 96973 71349 8663 30096 38759
950 SE 435890 292928 39212 103750 142962 223457 30788 71537 102325 69471 8424 32213 40637
975 SE 435890 285437 40373 110080 150453 217677 32494 75611 108105 67760 7879 34469 42348
1000 SE 435890 278056 41202 116632 157834 211941 33890 79951 113841 66115 7312 36681 43993
1025 SE 435890 270251 42386 123253 165639 205877 35336 84569 119905 64374 7050 38684 45734
1050 SE 435890 262567 43385 129938 173323 200029 36393 89360 125753 62538 6992 40578 47570
1075 SE 435890 254858 44415 136617 181032 194121 37312 94349 131661 60737 7103 42268 49371
1100 SE 435890 246328 46107 143455 189562 187805 38449 99528 137977 58523 7658 43927 51585
1125 SE 435890 237688 47440 150762 198202 181632 39043 105107 144150 56056 8397 45655 54052
1150 SE 435890 228766 48752 158372 207124 175404 39490 110888 150378 53362 9262 47484 56746
1175 SE 435890 219204 50721 165965 216686 168794 40311 116677 156988 50410 10410 49288 59698
1200 SE 435890 209051 52704 174135 226839 161707 41423 122652 164075 47344 11281 51483 62764
1225 SE 435890 199880 53578 182432 236010 155268 42030 128484 170514 44612 11548 53948 65496
1250 SE 435890 191076 53548 191266 244814 148747 42410 134625 177035 42329 11138 56641 67779
1275 SE 435890 181523 53854 200513 254367 141494 43338 140950 184288 40029 10516 59563 70079
1300 SE 435890 172031 53999 209860 263859 134338 44237 147207 191444 37693 9762 62653 72415
1325 SE 435890 162603 54407 218880 273287 126940 45344 153498 198842 35663 9063 65382 74445
1350 SE 435890 153612 54303 227975 282278 119600 45880 160302 206182 34012 8423 67673 76096
1375 SE 435890 145209 53396 237285 290681 112738 45734 167310 213044 32471 7662 69975 77637
1400 SE 435890 137273 52650 245967 298617 106374 45759 173649 219408 30899 6891 72318 79209
1425 SE 435890 129247 51864 254779 306643 99753 45610 180419 226029 29494 6254 74360 80614
1450 SE 435890 120033 52042 263815 315857 92191 45803 187788 233591 27842 6239 76027 82266
1475 SE 435890 111568 51889 272433 324322 85302 45617 194863 240480 26266 6272 77570 83842
1500 SE 435890 102947 51347 281596 332943 78264 45063 202455 247518 24683 6284 79141 85425